0.	0.
0.005	8.891762950550111e-14
0.01	1.899569023947089e-13
0.015	3.044040366135207e-13
0.02	4.3367117470770124e-13
0.025	5.793083825157927e-13
0.03	7.430167873983336e-13
0.035	9.266629652515296e-13
0.04	1.1322946962067136e-12
0.045	1.3621582206318657e-12
0.05	1.6187171399369189e-12
0.055	1.904673120859805e-12
0.06	2.2229885775087657e-12
0.065	2.5769115226037275e-12
0.07	2.9700027982587538e-12
0.075	3.406165917457128e-12
0.08	3.889679770289012e-12
0.085	4.4252344742698094e-12
0.09	5.0179706758754995e-12
0.095	5.673522641092063e-12
0.1	6.398065506575966e-12
0.105	7.1983671002911055e-12
0.11	8.081844781594805e-12
0.115	9.056627796092776e-12
0.12	1.0131625690625809e-11
0.125	1.1316603388984043e-11
0.13	1.2622263589930689e-11
0.135	1.406033721646089e-11
0.14	1.5643682719620236e-11
0.145	1.738639512240814e-11
0.15	1.9303925780151535e-11
0.155	2.1413213934179288e-11
0.16	2.3732831246716225e-11
0.165	2.6283140627792912e-11
0.17	2.9086470800944254e-11
0.17500000000000002	3.216730820496319e-11
0.18	3.5552507995612495e-11
0.185	3.9271526095737366e-11
0.19	4.335667444667314e-11
0.195	4.784340184040927e-11
0.2	5.2770602963131973e-11
0.20500000000000002	5.818095855928398e-11
0.21	6.412130993420696e-11
0.215	7.06430713562586e-11
0.22	7.780268429977445e-11
0.225	8.566211789276887e-11
0.23	9.428942040252915e-11
0.23500000000000001	1.037593271136901e-10
0.24	1.1415393053293398e-10
0.245	1.2556341949886585e-10
0.25	1.380868944923863e-10
0.255	1.5183326724041882e-10
0.26	1.669222535935892e-10
0.265	1.8348546964696545e-10
0.27	2.0166764217409472e-10
0.275	2.2162794567161e-10
0.28	2.435414796796087e-10
0.28500000000000003	2.676009015684679e-10
0.29	2.940182316847495e-10
0.295	3.230268496483901e-10
0.3	3.5488370271440405e-10
0.305	3.8987174948146974e-10
0.31	4.2830266487742175e-10
0.315	4.70519835311505e-10
0.32	5.169016761937858e-10
0.325	5.678653077262978e-10
0.33	6.238706290171721e-10
0.335	6.854248352127661e-10
0.34	7.530874275462207e-10
0.34500000000000003	8.274757720331492e-10
0.35000000000000003	9.09271269086352e-10
0.355	9.992262036603928e-10
0.36	1.098171353775345e-9
0.365	1.20702444452115e-9
0.37	1.3267995450406923e-9
0.375	1.4586175176769668e-9
0.38	1.6037176416156152e-9
0.385	1.7634705481477454e-9
0.39	1.939392621334391e-9
0.395	2.1331620366184216e-9
0.4	2.3466366310789717e-9
0.405	2.581873822875635e-9
0.41000000000000003	2.841152824342442e-9
0.41500000000000004	3.1269994235776157e-9
0.42	3.442213643699384e-9
0.425	3.789900627735722e-9
0.43	4.17350514099359e-9
0.435	4.596850132408388e-9
0.44	5.064179852597642e-9
0.445	5.580208090046935e-9
0.45	6.150172159077852e-9
0.455	6.779893355178429e-9
0.46	7.475844686282694e-9
0.465	8.245226794233836e-9
0.47000000000000003	9.096053100748093e-9
0.47500000000000003	1.0037245348787954e-8
0.48	1.1078740865718904e-8
0.485	1.2231613051704667e-8
0.49	1.3508206798629758e-8
0.495	1.4922290775065838e-8
0.5	1.648922877558746e-8
0.505	1.8226172632940396e-8
0.51	2.0152279534745522e-8
0.515	2.2288956979042305e-8
0.52	2.4660139052520098e-8
0.525	2.72925982304031e-8
0.53	3.0216297487705884e-8
0.535	3.346478818961896e-8
0.54	3.7075660007662046e-8
0.545	4.109105000374856e-8
0.55	4.555821905476641e-8
0.555	5.053020497710822e-8
0.56	5.606656307876148e-8
0.5650000000000001	6.223420644521908e-8
0.5700000000000001	6.910836008874252e-8
0.5750000000000001	7.677364519827163e-8
0.58	8.532531216635421e-8
0.585	9.487064389473066e-8
0.59	1.0553055415612145e-7
0.595	1.1744140959220269e-7
0.6	1.3075710834595272e-7
0.605	1.4565145346586168e-7
0.61	1.623208652041e-7
0.615	1.8098748330770567e-7
0.62	2.0190271854486605e-7
0.625	2.2535132222373017e-7
0.63	2.5165605359342524e-7
0.635	2.8118303805677523e-7
0.64	3.1434792441790037e-7
0.645	3.516229673478111e-7
0.65	3.9354518237009084e-7
0.655	4.4072574553558976e-7
0.66	4.938608392756564e-7
0.665	5.537441805435712e-7
0.67	6.212815082912582e-7
0.675	6.975073558068729e-7
0.68	7.836044909349329e-7
0.685	8.809264754978484e-7
0.6900000000000001	9.910238764946921e-7
0.6950000000000001	1.115674758486651e-6
0.7000000000000001	1.2569202021699713e-6
0.705	1.417105732356598e-6
0.71	1.5989297041539542e-6
0.715	1.805499894831675e-6
0.72	2.0403997877580426e-6
0.725	2.3077663225693173e-6
0.73	2.6123812330893876e-6
0.735	2.959778514635821e-6
0.74	3.3563710715381212e-6
0.745	3.8096002141778295e-6
0.75	4.328112427770525e-6
0.755	4.921968753775819e-6
0.76	5.602893248391521e-6
0.765	6.38456836013983e-6
0.77	7.282986761767285e-6
0.775	8.316871258343637e-6
0.78	9.508176971937634e-6
0.785	0.000010882693198419742
0.79	0.000012470766302767588
0.795	0.000014308169968841672
0.8	0.000016437155308453457
0.805	0.000018907721097939587
0.81	0.00002177915418167947
0.8150000000000001	0.00002512190242320543
0.8200000000000001	0.000029019858228224745
0.8250000000000001	0.00003357315056857753
0.8300000000000001	0.00003890156886202728
0.835	0.000045148774674351856
0.84	0.00005248749921702851
0.845	0.0000611259789640299
0.85	0.00007131595235991693
0.855	0.00008336263287408264
0.86	0.00009763719481319943
0.865	0.0001145924682221343
0.87	0.00013478275146909313
0.875	0.00015888893352157006
0.88	0.00018775049866941006
0.885	0.00022240650131238567
0.89	0.0002641482994316487
0.895	0.0003145877967343288
0.9	0.0003757462720156194
0.905	0.00045017072515494153
0.91	0.0005410872698355538
0.915	0.0006526047905480918
0.92	0.0007899873603436359
0.925	0.0009600215504498476
0.93	0.001171515924857146
0.935	0.0014359865212224586
0.9400000000000001	0.0017686068358972059
0.9450000000000001	0.002189538322962174
0.9500000000000001	0.0027258150833435004
0.9550000000000001	0.0034140464336031608
0.96	0.0043043437631949495
0.965	0.005466108138570565
0.97	0.006996692396175988
0.975	0.00903458138749294
0.98	0.011779805016870605
0.985	0.015526152023338494
0.99	0.020713010843764246
0.995	0.028010458404786852
1.	0.03846153846153902
1.0050000000000001	0.05372367776039731
1.01	0.0764802744775453
1.0150000000000001	0.11112919693466655
1.02	0.16484485319451622
1.025	0.2487941988931082
1.03	0.377724540346909
1.035	0.5614550724128633
1.04	0.7781005863619552
1.045	0.9497245398923162
1.05	0.9989824448623285
1.055	0.938679167350243
1.06	0.8351176090183494
1.065	0.7344351583390086
1.07	0.6526653977038772
1.075	0.5911479105769284
1.08	0.5468570677287549
1.085	0.5163322689134097
1.09	0.49674116687063957
1.095	0.485994955581942
1.1	0.4826200399278889
1.105	0.4856017267253493
1.11	0.4942526294251814
1.115	0.5081101758119406
1.12	0.5268557867280415
1.125	0.5502471609999395
1.1300000000000001	0.5780567579359174
1.135	0.6100119232797687
1.1400000000000001	0.6457348810273283
1.145	0.6846841982663827
1.1500000000000001	0.7261033950971082
1.155	0.7689866736759444
1.16	0.8120750087859406
1.165	0.853895968582509
1.17	0.8928553379044336
1.175	0.9273769643185323
1.18	0.9560714534416821
1.185	0.9779003309022937
1.19	0.9922975072544189
1.195	0.9992187409583759
1.2	0.9991099066044832
1.205	0.9928076457747574
1.21	0.9814017248948855
1.215	0.9660920636368596
1.22	0.9480663808738077
1.225	0.9284122883710068
1.23	0.9080661240080046
1.235	0.8877931044807442
1.24	0.8681900302523465
1.245	0.8497016947915587
1.25	0.8326438123699224
1.2550000000000001	0.817227459865751
1.26	0.8035820143604451
1.2650000000000001	0.7917750742243828
1.27	0.7818288519929424
1.2750000000000001	0.7737331150861172
1.28	0.7674550462386055
1.285	0.7629465063953145
1.29	0.7601491884785405
1.295	0.7589981039569255
1.3	0.7594237779055035
1.305	0.761353460261421
1.31	0.7647116001723202
1.315	0.7694197802552969
1.32	0.7753962688365281
1.325	0.7825553199369935
1.33	0.7908063313422565
1.335	0.8000529587113402
1.34	0.8101922764207852
1.345	0.8211140717562854
1.35	0.8327003561942732
1.355	0.8448251739054506
1.36	0.8573547813745241
1.365	0.8701482614603396
1.37	0.8830586189733867
1.375	0.895934382161806
1.3800000000000001	0.9086217054343563
1.385	0.9209669342936051
1.3900000000000001	0.9328195560102043
1.395	0.9440354222946101
1.4000000000000001	0.9544800971400668
1.405	0.9640321584147351
1.41	0.9725862695763716
1.415	0.9800558408685525
1.42	0.9863751186047768
1.425	0.9915005756274872
1.43	0.9954115226062494
1.435	0.9981099136575272
1.44	0.9996193749822255
1.445	0.9999835359091683
1.45	0.999263782825149
1.455	0.997536584442856
1.46	0.9948905501266119
1.465	0.9914233819377337
1.47	0.9872388676915965
1.475	0.9824440397578554
1.48	0.9771465961951765
1.485	0.9714526506255977
1.49	0.9654648480440602
1.495	0.959280857781651
1.5	0.9529922335030839
1.5050000000000001	0.9466836140323927
1.51	0.9404322279298092
1.5150000000000001	0.9343076585890412
1.52	0.9283718244137192
1.5250000000000001	0.9226791294762802
1.53	0.9172767430816666
1.5350000000000001	0.9122049710604928
1.54	0.9074976867433947
1.545	0.9031827949098958
1.55	0.8992827071938699
1.555	0.8958148122218836
1.56	0.8927919280214023
1.565	0.8902227279026692
1.57	0.8881121340870244
1.575	0.8864616758588085
1.58	0.8852698110132066
1.585	0.8845322109244202
1.59	0.8842420107359998
1.595	0.8843900270435346
1.6	0.8849649460586446
1.605	0.8859534856636606
1.61	0.8873405350314209
1.615	0.88910927562858
1.62	0.8912412874702128
1.625	0.8937166444677789
1.6300000000000001	0.8965140026250746
1.635	0.8996106846960986
1.6400000000000001	0.9029827647292485
1.645	0.9066051556855446
1.6500000000000001	0.9104517030343271
1.655	0.9144952868968523
1.6600000000000001	0.9187079349251837
1.665	0.923060947670331
1.67	0.9275250377110403
1.675	0.9320704832864503
1.68	0.9366672966085426
1.685	0.9412854064333792
1.69	0.9458948538565577
1.695	0.9504659996841672
1.7	0.9549697411346724
1.705	0.9593777350705969
1.71	0.9636626244637373
1.715	0.9677982643860085
1.72	0.9717599435106564
1.725	0.9755245969234357
1.73	0.9790710059942606
1.735	0.9823799811552947
1.74	0.9854345236736339
1.745	0.9882199628909828
1.75	0.9907240659173733
1.7550000000000001	0.9929371173927762
1.76	0.9948519676452879
1.7650000000000001	0.9964640483489404
1.77	0.9977713555864988
1.7750000000000001	0.9987744010203722
1.78	0.9994761326360855
1.7850000000000001	0.9998818272184842
1.79	0.9999989573258532
1.795	0.9998370360217812
1.8	0.9994074429954343
1.805	0.9987232359410171
1.81	0.997798951176239
1.815	0.9966503974631324
1.82	0.9952944468633876
1.825	0.9937488262292893
1.83	0.9920319126181428
1.835	0.990162535542065
1.84	0.9881597885461071
1.845	0.9860428521649982
1.85	0.9838308298602098
1.855	0.9815425981001007
1.86	0.9791966713297676
1.865	0.9768110821941316
1.87	0.974403277035304
1.875	0.9719900263881582
1.8800000000000001	0.9695873499486635
1.885	0.9672104552881879
1.8900000000000001	0.9648736894321132
1.895	0.9625905023098829
1.9000000000000001	0.9603734210121602
1.905	0.9582340337546075
1.9100000000000001	0.9561829824420669
1.915	0.9542299627467001
1.92	0.952383730654112
1.925	0.9506521144881153
1.93	0.9490420314934169
1.935	0.9475595081324156
1.94	0.9462097033342665
1.945	0.9449969340186478
1.95	0.9439247023009825
1.955	0.9429957238683773
1.96	0.9422119570948645
1.965	0.9415746325395025
1.97	0.9410842825408366
1.975	0.9407407706855463
1.98	0.9405433209875473
1.985	0.940490546666234
1.99	0.9405804784589223
1.995	0.9408105924430012
2.	0.941177837377951
2.005	0.941678661606499
2.0100000000000002	0.9423090395779569
2.015	0.9430644980754938
2.02	0.943940142243029
2.025	0.9449306815168094
2.0300000000000002	0.9460304555718541
2.035	0.9472334603945816
2.04	0.9485333745902863
2.045	0.9499235860280172
2.05	0.951397218916067
2.055	0.9529471613889677
2.06	0.9545660936719006
2.065	0.9562465168710913
2.07	0.957980782419304
2.075	0.9597611221844494
2.08	0.9615796792268138
2.085	0.9634285391669765
2.09	0.9652997621025102
2.095	0.9671854149874702
2.1	0.9690776043649557
2.105	0.9709685093201444
2.11	0.9728504144995985
2.115	0.9747157430228294
2.12	0.9765570890945211
2.125	0.9783672501108822
2.13	0.9801392580417013
2.1350000000000002	0.9818664098612194
2.14	0.983542296796102
2.145	0.9851608321578798
2.15	0.9867162775303483
2.1550000000000002	0.9882032670895885
2.16	0.989616829845501
2.165	0.9909524096088737
2.17	0.9922058825068034
2.1750000000000003	0.9933735718914621
2.18	0.994452260512356
2.185	0.9954391998498656
2.19	0.9963321165375
2.195	0.9971292158313392
2.2	0.9978291821169959
2.205	0.9984311764764644
2.21	0.9989348313688404
2.215	0.9993402425094797
2.22	0.999647958061166
2.225	0.9998589652777522
2.23	0.9999746747650785
2.235	0.9999969025453749
2.24	0.9999278501295135
2.245	0.9997700828161771
2.25	0.9995265064481247
2.255	0.9992003428631906
2.2600000000000002	0.9987951042815253
2.265	0.9983145668709443
2.27	0.9977627437292999
2.275	0.9971438575167593
2.2800000000000002	0.9964623129620521
2.285	0.9957226694554686
2.29	0.994929613928003
2.295	0.9940879342009072
2.3000000000000003	0.9932024929734492
2.305	0.9922782025992032
2.31	0.9913200007831227
2.315	0.9903328273132916
2.32	0.9893216019229348
2.325	0.9882912033602952
2.33	0.9872464497265704
2.335	0.9861920801255181
2.34	0.9851327376527116
2.345	0.984072953737941
2.35	0.9830171338409867
2.355	0.9819695444890474
2.36	0.9809343016334973
2.365	0.9799153602944052
2.37	0.9789165054533665
2.375	0.9779413441486224
2.38	0.9769932987211539
2.3850000000000002	0.9760756011563233
2.39	0.9751912884626757
2.395	0.9743431990275598
2.4	0.9735339698882371
2.4050000000000002	0.9727660348569925
2.41	0.9720416234393512
2.415	0.971362760485755
2.42	0.9707312665188484
2.4250000000000003	0.9701487586807828
2.43	0.9696166522475896
2.435	0.9691361626606027
2.44	0.9687083080280544
2.445	0.9683339120532763
2.45	0.9680136073493062
2.455	0.9677478391031196
2.46	0.9675368690560845
2.465	0.9673807797705547
2.47	0.9672794791557265
2.475	0.96723270522895
2.48	0.9672400310915823
2.485	0.96730087010118
2.49	0.9674144812243107
2.495	0.9675799745565383
2.5	0.9677963169981572
2.505	0.9680623380760329
2.5100000000000002	0.9683767359034351
2.515	0.9687380832710284
2.52	0.9691448338632092
2.525	0.9695953285947535
2.5300000000000002	0.9700878020632825
2.535	0.9706203891133403
2.54	0.9711911315079678
2.545	0.971797984703505
2.5500000000000003	0.9724388247230233
2.555	0.9731114551232619
2.56	0.9738136140492487
2.565	0.9745429813699348
2.57	0.9752971858872039
2.575	0.9760738126095074
2.58	0.976870410080212
2.585	0.9776844977494688
2.59	0.9785135733771267
2.595	0.9793551204528747
2.6	0.9802066156184617
2.605	0.98106553607555
2.61	0.9819293669614695
2.615	0.9827956086739585
2.62	0.9836617841248623
2.625	0.9845254459017581
2.63	0.9853841833156165
2.6350000000000002	0.986235629311879
2.64	0.9870774672217902
2.645	0.9879074373304438
2.65	0.9887233432378261
2.6550000000000002	0.9895230579891736
2.66	0.990304529951187
2.665	0.991065788411113
2.67	0.9918049488763677
2.6750000000000003	0.9925202180532796
2.68	0.9932098984846217
2.685	0.9938723928269316
2.69	0.9945062077501167
2.695	0.9951099574435448
2.7	0.9956823667146854
2.705	0.9962222736683837
2.71	0.9967286319570009
2.715	0.9972005125939186
2.72	0.997637105325251
2.725	0.9980377195570261
2.73	0.9984017848375503
2.735	0.9987288508971259
2.74	0.9990185872497594
2.745	0.9992707823638965
2.75	0.9994853424115826
2.755	0.9996622896077073
2.7600000000000002	0.9998017601531481
2.765	0.99990400179766
2.77	0.9999693710402373
2.775	0.9999983299863894
2.7800000000000002	0.9999914428833158
2.785	0.9999493723553199
2.79	0.9998728753629467
2.795	0.9997627989102961
2.8000000000000003	0.9996200755256941
2.805	0.9994457185414524
2.81	0.9992408171987782
2.815	0.999006531604018
2.82	0.9987440875623723
2.825	0.9984547713149501
2.83	0.9981399242046164
2.835	0.9978009372954928
2.84	0.9974392459702192
2.845	0.9970563245282185
2.85	0.9966536808071905
2.855	0.9962328508489542
2.86	0.9957953936295636
2.865	0.9953428858723327
2.87	0.9948769169610848
2.875	0.9943990839695488
2.88	0.9939109868214251
2.8850000000000002	0.9934142235942247
2.89	0.992910385978547
2.895	0.9924010549030721
2.9	0.9918877963341365
2.9050000000000002	0.991372157257419
2.91	0.9908556618479472
2.915	0.9903398078333759
2.92	0.9898260630542939
2.9250000000000003	0.9893158622241668
2.93	0.9888106038904675
2.935	0.9883116475975463
2.94	0.9878203112508677
2.945	0.98733786868141
2.95	0.9868655474082444
2.955	0.9864045265966326
2.96	0.9859559352083654
2.965	0.9855208503405304
2.97	0.9851002957484281
2.975	0.9846952405479692
2.98	0.9843065980925529
2.985	0.9839352250191594
2.99	0.9835819204581945
2.995	0.9832474254014628
3.	0.982932422222554